噜 1111 11 1 11 噜111 1 11111 1 1 111 1 11 1 11 1 1 11 1 11 11 11 11111111 
 11 111 1 11噜11 1 1111 11 111 11 1 11 1111 111 11 111111111 111 11  噜1 11 1 11 1
 11 1111噜111 111 1 11 111 11 11 111 噜 噜1 1 11 11 111 11 11111 11 111 1111 1 
噜 1111 11 1 11 噜111 1 11111 1 1 111 1 11 1 11 1 1 11 1 11 11 11 11111111 
 11 111 1 11噜11 1 1111 11 111 11 1 11 1111 111 11 111111111 111 11  噜1 11 1 11 1
 11 1111噜111 111 1 11 111 11 11 111 噜 噜1 1 11 11 111 11 11111 11 111 1111 1 
噜 1111 11 1 11 噜111 1 11111 1 1 111 1 11 1 11 1 1 11 1 11 11 11 11111111 
 11 111 1 11噜11 1 1111 11 111 11 1 11 1111 111 11 111111111 111 11  噜1 11 1 11 1
 11 1111噜111 111 1 11 111 11 11 111 噜 噜1 1 11 11 111 11 11111 11 111 1111 1 
噜 1111 11 1 11 噜111 1 11111 1 1 111 1 11 1 11 1 1 11 1 11 11 11 11111111 
 11 111 1 11噜11 1 1111 11 111 11 1 11 1111 111 11 111111111 111 11  噜1 11 1 11 1
 11 1111噜111 111 1 11 111 11 11 111 噜 噜1 1 11 11 111 11 11111 11 111 1111 1 
噜 1111 11 1 11 噜111 1 11111 1 1 111 1 11 1 11 1 1 11 1 11 11 11 11111111 
 11 111 1 11噜11 1 1111 11 111 11 1 11 1111 111 11 111111111 111 11  噜1 11 1 11 1
 11 1111噜111 111 1 11 111 11 11 111 噜 噜1 1 11 11 111 11 11111 11 111 1111 1 
噜 1111 11 1 11 噜111 1 11111 1 1 111 1 11 1 11 1 1 11 1 11 11 11 11111111 
 11 111 1 11噜11 1 1111 11 111 11 1 11 1111 111 11 111111111 111 11  噜1 11 1 11 1
 11 1111噜111 111 1 11 111 11 11 111 噜 噜1 1 11 11 111 11 11111 11 111 1111 1 
噜 1111 11 1 11 噜111 1 11111 1 1 111 1 11 1 11 1 1 11 1 11 11 11 11111111 
 11 111 1 11噜11 1 1111 11 111 11 1 11 1111 111 11 111111111 111 11  噜1 11 1 11 1
 11 1111噜111 111 1 11 111 11 11 111 噜 噜1 1 11 11 111 11 11111 11 111 1111 1 
噜 1111 11 1 11 噜111 1 11111 1 1 111 1 11 1 11 1 1 11 1 11 11 11 11111111 
 11 111 1 11噜11 1 1111 11 111 11 1 11 1111 111 11 111111111 111 11  噜1 11 1 11 1
 11 1111噜111 111 1 11 111 11 11 111 噜 噜1 1 11 11 111 11 11111 11 111 1111 1 
噜 1111 11 1 11 噜111 1 11111 1 1 111 1 11 1 11 1 1 11 1 11 11 11 11111111 
 11 111 1 11噜11 1 1111 11 111 11 1 11 1111 111 11 111111111 111 11  噜1 11 1 11 1
 11 1111噜111 111 1 11 111 11 11 111 噜 噜1 1 11 11 111 11 11111 11 111 1111 1 
噜 1111 11 1 11 噜111 1 11111 1 1 111 1 11 1 11 1 1 11 1 11 11 11 11111111 
 11 111 1 11噜11 1 1111 11 111 11 1 11 1111 111 11 111111111 111 11  噜1 11 1 11 1
 11 1111噜111 111 1 11 111 11 11 111 噜 噜1 1 11 11 111 11 11111 11 111 1111 1 
噜 1111 11 1 11 噜111 1 11111 1 1 111 1 11 1 11 1 1 11 1 11 11 11 11111111 
 11 111 1 11噜11 1 1111 11 111 11 1 11 1111 111 11 111111111 111 11  噜1 11 1 11 1
 11 1111噜111 111 1 11 111 11 11 111 噜 噜1 1 11 11 111 11 11111 11 111 1111 1 
噜 1111 11 1 11 噜111 1 11111 1 1 111 1 11 1 11 1 1 11 1 11 11 11 11111111 
 11 111 1 11噜11 1 1111 11 111 11 1 11 1111 111 11 111111111 111 11  噜1 11 1 11 1
 11 1111噜111 111 1 11 111 11 11 111 噜 噜1 1 11 11 111 11 11111 11 111 1111 1 
噜 1111 11 1 11 噜111 1 11111 1 1 111 1 11 1 11 1 1 11 1 11 11 11 11111111 
 11 111 1 11噜11 1 1111 11 111 11 1 11 1111 111 11 111111111 111 11  噜1 11 1 11 1
 11 1111噜111 111 1 11 111 11 11 111 噜 噜1 1 11 11 111 11 11111 11 111 1111 1 
噜 1111 11 1 11 噜111 1 11111 1 1 111 1 11 1 11 1 1 11 1 11 11 11 11111111 
 11 111 1 11噜11 1 1111 11 111 11 1 11 1111 111 11 111111111 111 11  噜1 11 1 11 1
 11 1111噜111 111 1 11 111 11 11 111 噜 噜1 1 11 11 111 11 11111 11 111 1111 1 
噜 1111 11 1 11 噜111 1 11111 1 1 111 1 11 1 11 1 1 11 1 11 11 11 11111111 
 11 111 1 11噜11 1 1111 11 111 11 1 11 1111 111 11 111111111 111 11  噜1 11 1 11 1
 11 1111噜111 111 1 11 111 11 11 111 噜 噜1 1 11 11 111 11 11111 11 111 1111 1 
噜 1111 11 1 11 噜111 1 11111 1 1 111 1 11 1 11 1 1 11 1 11 11 11 11111111 
 11 111 1 11噜11 1 1111 11 111 11 1 11 1111 111 11 111111111 111 11  噜1 11 1 11 1
 11 1111噜111 111 1 11 111 11 11 111 噜 噜1 1 11 11 111 11 11111 11 111 1111 1 
噜 1111 11 1 11 噜111 1 11111 1 1 111 1 11 1 11 1 1 11 1 11 11 11 11111111 
 11 111 1 11噜11 1 1111 11 111 11 1 11 1111 111 11 111111111 111 11  噜1 11 1 11 1
 11 1111噜111 111 1 11 111 11 11 111 噜 噜1 1 11 11 111 11 11111 11 111 1111 1 
噜 1111 11 1 11 噜111 1 11111 1 1 111 1 11 1 11 1 1 11 1 11 11 11 11111111 
 11 111 1 11噜11 1 1111 11 111 11 1 11 1111 111 11 111111111 111 11  噜1 11 1 11 1
 11 1111噜111 111 1 11 111 11 11 111 噜 噜1 1 11 11 111 11 11111 11 111 1111 1 
噜 1111 11 1 11 噜111 1 11111 1 1 111 1 11 1 11 1 1 11 1 11 11 11 11111111 
 11 111 1 11噜11 1 1111 11 111 11 1 11 1111 111 11 111111111 111 11  噜1 11 1 11 1
 11 1111噜111 111 1 11 111 11 11 111 噜 噜1 1 11 11 111 11 11111 11 111 1111 1 
噜 1111 11 1 11 噜111 1 11111 1 1 111 1 11 1 11 1 1 11 1 11 11 11 11111111 
 11 111 1 11噜11 1 1111 11 111 11 1 11 1111 111 11 111111111 111 11  噜1 11 1 11 1
 11 1111噜111 111 1 11 111 11 11 111 噜 噜1 1 11 11 111 11 11111 11 111 1111 1 
噜 1111 11 1 11 噜111 1 11111 1 1 111 1 11 1 11 1 1 11 1 11 11 11 11111111 
 11 111 1 11噜11 1 1111 11 111 11 1 11 1111 111 11 111111111 111 11  噜1 11 1 11 1
 11 1111噜111 111 1 11 111 11 11 111 噜 噜1 1 11 11 111 11 11111 11 111 1111 1 
噜 1111 11 1 11 噜111 1 11111 1 1 111 1 11 1 11 1 1 11 1 11 11 11 11111111 
 11 111 1 11噜11 1 1111 11 111 11 1 11 1111 111 11 111111111 111 11  噜1 11 1 11 1
 11 1111噜111 111 1 11 111 11 11 111 噜 噜1 1 11 11 111 11 11111 11 111 1111 1 
噜 1111 11 1 11 噜111 1 11111 1 1 111 1 11 1 11 1 1 11 1 11 11 11 11111111 
 11 111 1 11噜11 1 1111 11 111 11 1 11 1111 111 11 111111111 111 11  噜1 11 1 11 1
 11 1111噜111 111 1 11 111 11 11 111 噜 噜1 1 11 11 111 11 11111 11 111 1111 1 
噜 1111 11 1 11 噜111 1 11111 1 1 111 1 11 1 11 1 1 11 1 11 11 11 11111111 
 11 111 1 11噜11 1 1111 11 111 11 1 11 1111 111 11 111111111 111 11  噜1 11 1 11 1
 11 1111噜111 111 1 11 111 11 11 111 噜 噜1 1 11 11 111 11 11111 11 111 1111 1 
噜 1111 11 1 11 噜111 1 11111 1 1 111 1 11 1 11 1 1 11 1 11 11 11 11111111 
 11 111 1 11噜11 1 1111 11 111 11 1 11 1111 111 11 111111111 111 11  噜1 11 1 11 1
 11 1111噜111 111 1 11 111 11 11 111 噜 噜1 1 11 11 111 11 11111 11 111 1111 1 
噜 1111 11 1 11 噜111 1 11111 1 1 111 1 11 1 11 1 1 11 1 11 11 11 11111111 
 11 111 1 11噜11 1 1111 11 111 11 1 11 1111 111 11 111111111 111 11  噜1 11 1 11 1
 11 1111噜111 111 1 11 111 11 11 111 噜 噜1 1 11 11 111 11 11111 11 111 1111 1 
噜 1111 11 1 11 噜111 1 11111 1 1 111 1 11 1 11 1 1 11 1 11 11 11 11111111 
 11 111 1 11噜11 1 1111 11 111 11 1 11 1111 111 11 111111111 111 11  噜1 11 1 11 1
 11 1111噜111 111 1 11 111 11 11 111 噜 噜1 1 11 11 111 11 11111 11 111 1111 1 
噜 1111 11 1 11 噜111 1 11111 1 1 111 1 11 1 11 1 1 11 1 11 11 11 11111111 
 11 111 1 11噜11 1 1111 11 111 11 1 11 1111 111 11 111111111 111 11  噜1 11 1 11 1
 11 1111噜111 111 1 11 111 11 11 111 噜 噜1 1 11 11 111 11 11111 11 111 1111 1 
噜 1111 11 1 11 噜111 1 11111 1 1 111 1 11 1 11 1 1 11 1 11 11 11 11111111 
 11 111 1 11噜11 1 1111 11 111 11 1 11 1111 111 11 111111111 111 11  噜1 11 1 11 1
 11 1111噜111 111 1 11 111 11 11 111 噜 噜1 1 11 11 111 11 11111 11 111 1111 1 
噜 1111 11 1 11 噜111 1 11111 1 1 111 1 11 1 11 1 1 11 1 11 11 11 11111111 
 11 111 1 11噜11 1 1111 11 111 11 1 11 1111 111 11 111111111 111 11  噜1 11 1 11 1
 11 1111噜111 111 1 11 111 11 11 111 噜 噜1 1 11 11 111 11 11111 11 111 1111 1 
噜 1111 11 1 11 噜111 1 11111 1 1 111 1 11 1 11 1 1 11 1 11 11 11 11111111 
 11 111 1 11噜11 1 1111 11 111 11 1 11 1111 111 11 111111111 111 11  噜1 11 1 11 1
 11 1111噜111 111 1 11 111 11 11 111 噜 噜1 1 11 11 111 11 11111 11 111 1111 1 
噜 1111 11 1 11 噜111 1 11111 1 1 111 1 11 1 11 1 1 11 1 11 11 11 11111111 
 11 111 1 11噜11 1 1111 11 111 11 1 11 1111 111 11 111111111 111 11  噜1 11 1 11 1
 11 1111噜111 111 1 11 111 11 11 111 噜 噜1 1 11 11 111 11 11111 11 111 1111 1 
噜 1111 11 1 11 噜111 1 11111 1 1 111 1 11 1 11 1 1 11 1 11 11 11 11111111 
 11 111 1 11噜11 1 1111 11 111 11 1 11 1111 111 11 111111111 111 11  噜1 11 1 11 1
 11 1111噜111 111 1 11 111 11 11 111 噜 噜1 1 11 11 111 11 11111 11 111 1111 1 
噜 1111 11 1 11 噜111 1 11111 1 1 111 1 11 1 11 1 1 11 1 11 11 11 11111111 
 11 111 1 11噜11 1 1111 11 111 11 1 11 1111 111 11 111111111 111 11  噜1 11 1 11 1
 11 1111噜111 111 1 11 111 11 11 111 噜 噜1 1 11 11 111 11 11111 11 111 1111 1 
噜 1111 11 1 11 噜111 1 11111 1 1 111 1 11 1 11 1 1 11 1 11 11 11 11111111 
 11 111 1 11噜11 1 1111 11 111 11 1 11 1111 111 11 111111111 111 11  噜1 11 1 11 1
 11 1111噜111 111 1 11 111 11 11 111 噜 噜1 1 11 11 111 11 11111 11 111 1111 1 
噜 1111 11 1 11 噜111 1 11111 1 1 111 1 11 1 11 1 1 11 1 11 11 11 11111111 
 11 111 1 11噜11 1 1111 11 111 11 1 11 1111 111 11 111111111 111 11  噜1 11 1 11 1
 11 1111噜111 111 1 11 111 11 11 111 噜 噜1 1 11 11 111 11 11111 11 111 1111 1 
噜 1111 11 1 11 噜111 1 11111 1 1 111 1 11 1 11 1 1 11 1 11 11 11 11111111 
 11 111 1 11噜11 1 1111 11 111 11 1 11 1111 111 11 111111111 111 11  噜1 11 1 11 1
 11 1111噜111 111 1 11 111 11 11 111 噜 噜1 1 11 11 111 11 11111 11 111 1111 1 
噜 1111 11 1 11 噜111 1 11111 1 1 111 1 11 1 11 1 1 11 1 11 11 11 11111111 
 11 111 1 11噜11 1 1111 11 111 11 1 11 1111 111 11 111111111 111 11  噜1 11 1 11 1
 11 1111噜111 111 1 11 111 11 11 111 噜 噜1 1 11 11 111 11 11111 11 111 1111 1 
噜 1111 11 1 11 噜111 1 11111 1 1 111 1 11 1 11 1 1 11 1 11 11 11 11111111 
 11 111 1 11噜11 1 1111 11 111 11 1 11 1111 111 11 111111111 111 11  噜1 11 1 11 1
 11 1111噜111 111 1 11 111 11 11 111 噜 噜1 1 11 11 111 11 11111 11 111 1111 1 
噜 1111 11 1 11 噜111 1 11111 1 1 111 1 11 1 11 1 1 11 1 11 11 11 11111111 
 11 111 1 11噜11 1 1111 11 111 11 1 11 1111 111 11 111111111 111 11  噜1 11 1 11 1
 11 1111噜111 111 1 11 111 11 11 111 噜 噜1 1 11 11 111 11 11111 11 111 1111 1 
噜 1111 11 1 11 噜111 1 11111 1 1 111 1 11 1 11 1 1 11 1 11 11 11 11111111 
 11 111 1 11噜11 1 1111 11 111 11 1 11 1111 111 11 111111111 111 11  噜1 11 1 11 1
 11 1111噜111 111 1 11 111 11 11 111 噜 噜1 1 11 11 111 11 11111 11 111 1111 1 
噜 1111 11 1 11 噜111 1 11111 1 1 111 1 11 1 11 1 1 11 1 11 11 11 11111111 
 11 111 1 11噜11 1 1111 11 111 11 1 11 1111 111 11 111111111 111 11  噜1 11 1 11 1
 11 1111噜111 111 1 11 111 11 11 111 噜 噜1 1 11 11 111 11 11111 11 111 1111 1 
噜 1111 11 1 11 噜111 1 11111 1 1 111 1 11 1 11 1 1 11 1 11 11 11 11111111 
 11 111 1 11噜11 1 1111 11 111 11 1 11 1111 111 11 111111111 111 11  噜1 11 1 11 1
 11 1111噜111 111 1 11 111 11 11 111 噜 噜1 1 11 11 111 11 11111 11 111 1111 1 
噜 1111 11 1 11 噜111 1 11111 1 1 111 1 11 1 11 1 1 11 1 11 11 11 11111111 
 11 111 1 11噜11 1 1111 11 111 11 1 11 1111 111 11 111111111 111 11  噜1 11 1 11 1
 11 1111噜111 111 1 11 111 11 11 111 噜 噜1 1 11 11 111 11 11111 11 111 1111 1 
噜 1111 11 1 11 噜111 1 11111 1 1 111 1 11 1 11 1 1 11 1 11 11 11 11111111 
 11 111 1 11噜11 1 1111 11 111 11 1 11 1111 111 11 111111111 111 11  噜1 11 1 11 1
 11 1111噜111 111 1 11 111 11 11 111 噜 噜1 1 11 11 111 11 11111 11 111 1111 1 